LETTER: TOTAL: DIFF: LAST 10

a: 0: 0: -1, -1, -1, -1, -1, -1, -1, -1, -1, -1, 
b: 0: 0: 1, -1, -1, -1, -1, -1, -1, -1, -1, -1, 
c: 0: 0: 1, 1, -1, -1, -1, -1, -1, -1, -1, -1, 
d: 0: 0: 1, 1, 1, -1, -1, -1, -1, -1, -1, -1, 
e: 0: 0: 1, 1, 1, 1, -1, -1, -1, -1, -1, -1, 
f: 0: 0: 1, 1, 1, 1, 1, -1, -1, -1, -1, -1, 
g: 0: 0: 1, 1, 1, 1, 1, 1, -1, -1, -1, -1, 
h: 0: 0: 1, 1, 1, 1, 1, 1, 1, -1, -1, -1, 
i: 0: 0: 1, 1, 1, 1, 1, 1, 1, 1, -1, -1, 
j: 0: 0: 1, 1, 1, 1, 1, 1, 1, 1, 1, -1, 
k: 0: 0: 1, 1, 1, 1, 1, 1, 1, 1, 1, 1, 
l: 0: 0: -1, -1, -1, -1, -1, -1, -1, -1, -1, -1, 
m: 0: 0: 1, -1, -1, -1, -1, -1, -1, -1, -1, -1, 
n: 0: 0: 1, 1, -1, -1, -1, -1, -1, -1, -1, -1, 
o: 0: 0: 1, 1, 1, -1, -1, -1, -1, -1, -1, -1, 
p: 0: 0: 1, 1, 1, 1, -1, -1, -1, -1, -1, -1, 
q: 0: 0: 1, 1, 1, 1, 1, -1, -1, -1, -1, -1, 
r: 0: 0: 1, 1, 1, 1, 1, 1, -1, -1, -1, -1, 
s: 0: 0: 1, 1, 1, 1, 1, 1, 1, -1, -1, -1, 
t: 0: 0: 1, 1, 1, 1, 1, 1, 1, 1, -1, -1, 
u: 0: 0: 1, 1, 1, 1, 1, 1, 1, 1, 1, -1, 
v: 0: 0: 1, 1, 1, 1, 1, 1, 1, 1, 1, 1, 
w: 0: 0: -1, -1, -1, -1, -1, -1, -1, -1, -1, -1, 
x: 0: 0: 1, -1, -1, -1, -1, -1, -1, -1, -1, -1, 
y: 0: 0: 1, 1, -1, -1, -1, -1, -1, -1, -1, -1, 
z: 0: 0: 1, 1, 1, -1, -1, -1, -1, -1, -1, -1, 
