LETTER: TOTAL: DIFF: LAST 10

a: 0: 0: 0, 0, 0, 0, 0, 0, 0, 0, 0, 0
b: 0: 0: 0, 0, 0, 0, 0, 0, 0, 0, 0, 0
c: 0: 0: 0, 0, 0, 0, 0, 0, 0, 0, 0, 0
d: 0: 0: 0, 0, 0, 0, 0, 0, 0, 0, 0, 0
e: 0: 0: 0, 0, 0, 0, 0, 0, 0, 0, 0, 0
f: 0: 0: 0, 0, 0, 0, 0, 0, 0, 0, 0, 0
g: 1: 1: 0, 0, 0, 0, 0, 0, 0, 0, 0, 1 
h: 0: 0: 0, 0, 0, 0, 0, 0, 0, 0, 0, 0
i: 0: 0: 0, 0, 0, 0, 0, 0, 0, 0, 0, 0
j: 0: 0: 0, 0, 0, 0, 0, 0, 0, 0, 0, 0
k: 0: 0: 0, 0, 0, 0, 0, 0, 0, 0, 0, 0
l: 0: 0: 0, 0, 0, 0, 0, 0, 0, 0, 0, 0
m: 0: 0: 0, 0, 0, 0, 0, 0, 0, 0, 0, 0
n: 2: 2: 0, 0, 0, 0, 0, 0, 0, 0, 1, 1 
o: 0: 0: 0, 0, 0, 0, 0, 0, 0, 0, 0, 0
p: 2: 0: 0, 0, 0, 0, 0, 0, 0, 0, 1, -1 
q: 0: 0: 0, 0, 0, 0, 0, 0, 0, 0, 0, 0
r: 0: 0: 0, 0, 0, 0, 0, 0, 0, 0, 0, 0
s: 0: 0: 0, 0, 0, 0, 0, 0, 0, 0, 0, 0
t: 2: -2: 0, 0, 0, 0, 0, 0, 0, 0, -1, -1 
u: 1: -1: 0, 0, 0, 0, 0, 0, 0, 0, 0, -1 
v: 0: 0: 0, 0, 0, 0, 0, 0, 0, 0, 0, 0
w: 2: 0: 0, 0, 0, 0, 0, 0, 0, 0, 1, -1 
x: 0: 0: 0, 0, 0, 0, 0, 0, 0, 0, 0, 0
y: 0: 0: 0, 0, 0, 0, 0, 0, 0, 0, 0, 0
z: 0: 0: 0, 0, 0, 0, 0, 0, 0, 0, 0, 0
